SpawnFollow, 0, 1, 2
SpawnFollow, 2, 1, 0
SpawnFollow, 0, 2, 0
SpawnFollow, 2, 3, 10
SpawnStrafe, 0, 4, (-16, 7), (-8, -8), (0, 7), (8, -8), (16, 7), 0
SpawnStrafe, 0, 9, (16, 2.5), (8, -5.5), (0, 2.5), (-8, -5.5), (-16, 2.5), 10
SpawnStrafe, 0, 10, (-16, 8), (-8, -8), (0, 8), (8, -8), (16, 8), 0
SpawnStrafe, 0, 11, (16, 5.5), (8, -5.5), (0, 5.5), (-8, -5.5), (-16, 5.5), 10
SpawnFollow, 2, 12, 5
SpawnStrafe, 1, 0, (-16, 8), (-8, -8), (0, 8), (8, -8), (16, 8), 0
SpawnStrafe, 1, 0, (16, 5.5), (8, -5.5), (0, 5.5), (-8, -5.5), (-16, 5.5), 0